10000
21540
1718
20201
25937
17759
19721
19581
1866
21014
6556
6195
17572
27249
22392
28123
11796
22652
11803
26691
22292
21279
27690
4687
3274
2111
15827
11773
15922
17647
27265
30694
13035
31636
25573
29028
2581
16738
21089
30633
11272
30115
2308
31279
18138
10867
24731
25793
12032
22941
23860
5942
9808
7334
14872
7071
11366
13429
28103
6116
11060
4587
5204
32703
8151
31093
2656
19839
17500
19698
19081
13169
24752
28140
32427
11472
6819
25005
31502
6361
5259
18928
3448
28197
28685
18182
22267
30064
22635
28553
30699
15718
974
12504
15730
26847
23049
4783
14812
19648
1360
30890
28006
11796
774
30384
17925
1376
27065
15021
12411
15842
3424
25979
895
1982
27774
12278
13159
4153
8296
31160
5506
27695
29835
26089
20858
9812
6886
9967
25810
5447
4953
11517
26932
12024
21671
16969
22463
2772
25285
17915
17489
25153
9201
3066
31231
26597
31034
10609
9020
16780
16086
3945
21312
17191
9566
15811
23530
22779
25987
7911
6572
11941
4830
26694
19655
8716
20764
31005
25000
9503
16596
17284
2560
3724
25344
19071
28274
6613
5739
31539
18798
30970
26573
30685
461
24857
8110
15115
3781
15841
17833
23081
697
6384
24554
7429
24987
27908
20841
18969
16006
6304
16245
7017
7150
26052
17880
22918
6816
28926
11423
18473
13549
15223
4398
12552
7752
30839
24209
31200
27408
21582
11444
13055
13819
12485
5823
28983
1361
28968
10773
28182
15602
28550
8968
22556
17821
3687
29624
21744
6582
18324
19430
3384
5616
25592
9580
3985
22433
12024
31270
31149
27530
702
10714
28923
10457
26281
4285
17465
26575
1702
593
4838
12201
25827
4467
23092
18290
14657
32376
16860
29601
31287
27492
27732
32095
10341
11216
26865
28040
24331
6691
23556
1152
17874
28850
19536
11760
14868
13410
18522
31910
9262
17052
662
30503
19786
24625
17458
725
26168
13320
29872
17901
17011
28178
13602
2877
1617
6676
9525
29784
4613
16181
6598
11197
17796
3246
10993
22191
13052
1567
4283
19463
20998
16336
16263
7500
3395
28629
21620
5212
8775
24147
27333
28369
3199
30643
6387
6127
27573
12165
16308
12181
13869
12235
5372
6038
15902
13632
28752
881
11409
19063
12564
1935
20582
596
20672
8051
5515
8535
17388
12975
14592
22780
3073
26438
29286
1834
8876
13208
4119
25355
22016
24463
22577
24253
8860
15724
16305
15826
26956
18082
24328
5845
11402
1669
13181
3617
2486
26231
21851
15832
9520
9052
26065
3793
10638
1504
26137
32649
15472
13897
5493
17551
13142
4035
28092
28588
16905
6587
8966
25050
32146
6832
17868
32212
32285
23461
20466
16420
4413
19343
32604
19351
13355
17974
21325
13406
18553
23698
13100
14836
23751
986
15821
8375
32010
11307
19220
27411
19909
7528
29126
13564
14710
9099
14478
1129
28918
27206
14997
8684
21213
18792
13868
11822
30389
14842
1590
9643
20110
19301
21886
22462
614
25782
27729
1772
25344
16346
14340
26158
2743
27729
27848
30607
6056
9018
15858
14385
2623
19723
11298
26411
21756
12163
13463
8561
1808
6986
10060
32505
19422
20809
12739
21735
19955
28
7080
30136
8913
2309
15952
31059
12460
6233
30433
9449
23274
17581
27304
14924
24338
7114
28239
13228
26537
17532
19708
15874
12118
17503
1397
9066
15307
20415
13397
31379
2515
5296
18465
32398
10408
5089
22887
22139
5367
20764
16745
26647
647
6352
458
22993
25725
28746
23937
20893
4295
25901
19275
9496
9463
4897
16332
30983
31120
24992
29770
7499
7718
17354
29831
8494
20452
23848
1388
5211
27
7184
4484
16234
22314
14500
13421
24103
28834
14537
32722
682
17885
5131
18771
13769
18965
1865
31289
7134
15604
5701
18035
22602
823
25068
16471
2050
15333
3330
15272
14971
10715
14386
27274
3150
15433
17577
29432
12221
4665
6479
15214
31383
2990
14044
31647
14015
12488
18789
27862
4900
13386
16029
12973
26266
24913
12568
4727
30165
27818
5364
6945
974
2945
26587
22224
7227
12458
10244
7570
6515
20
1178
31717
8678
27518
16126
5496
18255
912
27969
22689
27549
10795
16828
29342
7625
13281
5246
12659
22904
27346
20834
10176
2818
19692
21174
19133
200
21284
9893
9132
24822
13780
5230
16901
11949
1642
24727
20022
3094
6269
21906
16240
18556
22011
27085
22564
464
9149
20616
23665
22648
4318
18486
25637
14729
230
28857
11451
3470
21996
19884
10941
27035
9767
26516
6854
4165
31679
872
29380
671
10570
3965
6682
4661
16876
6872
7580
770
29304
28224
3369
23007
22259
28730
21828
21215
24754
28454
10738
21738
4303
7397
3031
9827
7087
10537
19438
26513
3610
20335
27101
22898
2633
19553
14875
22792
21316
17172
31949
20066
31452
24125
5146
24048
24656
9243
2581
17833
5186
25694
2926
17604
9887
24557
9821
6409
3822
28914
29956
11973
8270
9423
12625
21918
19436
14807
4294
17402
6698
16615
13891
16628
20378
21380
29252
22053
21497
12709
19884
20938
27106
31432
29746
5598
16183
16213
27918
30083
22766
13734
15027
29556
6180
4680
10704
10061
7977
18294
8869
25964
28604
17418
9386
29700
13263
8034
29375
19920
2263
12328
2044
11696
20741
15427
32529
29092
24948
20137
5263
24247
19081
3803
7056
1123
17084
13516
18975
22432
27241
5176
21402
26901
30616
2013
12344
15080
16885
19113
17688
1996
14717
884
10640
9547
28907
11528
8981
12646
21530
11929
401
18349
32166
22727
19861
18976
9645
26697
27685
824
3729
32353
27386
12426
3727
8901
30572
5999
23160
7492
9779
28749
16774
16989
8662
4788
19758
749
8435
18758
27531
2640
26338
19126
24312
21222
8810
12645
17667
22006
2767
7420
17889
25804
25503
24309
14468
22695
13958
6362
12382
20372
31972
3710
23850
20519
29147
24671
31256
19338
9417
5049
22012
1957
14299
25415
4780
4299
20189
18919
2095
21314
30643
27676
12623
18559
32167
9162
28464
974
4269
6818
25975
5833
17617
4817
13202
6640
209
32595
31617
1881
17090
29040
13002
13054
21876
28170
24542
18341
6859
14699
19189
26656
14008
26464
11204
1998
17876
32460
18804
10871
3696
7733
9687
18724
31622
2586
25841
16387
6795
3233
5302
17955
30102
17697
24548
11038
26043
25471
352
1667
29992
23932
21279
16553
28884
27542
4898
14133
18360
2544
18655
7604
5063
19012
26514
21549
32499
22744
20624
28530
23127
9174
21332
25365
7033
26902
30748
2311
7049
22292
6149
1929
11053
32434
14331
115
26494
604
21718
18590
8994
1744
29461
13314
31521
857
11230
21559
25381
31382
3946
25718
17142
4030
18169
6065
23768
9346
5229
23369
15959
20272
5268
9780
5682
25828
29688
19905
29735
14925
8756
11805
7759
30485
31974
24412
21526
28622
31461
15336
8080
18727
26534
6127
2247
29522
16102
15786
7212
7991
31726
18899
16064
12863
24514
28057
154
20608
353
13243
18032
8446
31272
5335
20823
5349
13496
18926
12887
26798
27785
13746
23903
16160
4446
18072
20820
13468
2782
13800
22079
12101
22550
9003
16213
20193
9692
15400
31261
23601
16884
18174
4290
19527
17889
6840
5336
25317
31214
24309
29896
22806
8123
24619
31853
20961
23471
958
9341
12586
16174
26257
8743
5124
11181
23105
18363
27357
11683
572
31254
931
25836
16934
13217
22899
654
13635
8265
8107
26710
28334
19470
11947
12860
19568
9986
27867
10633
24147
13515
275
23908
32407
21620
24075
15460
15820
2383
9738
24997
13927
14772
25076
5177
31147
532
20313
19874
1558
28871
27328
7946
21248
2941
21478
21287
3795
22739
16040
12056
11179
10928
23705
22026
3170
2820
29553
7346
28413
28577
24371
4095
16966
3518
22088
4233
20297
32374
13499
23693
26762
8047
17921
17090
23894
31793
24874
5647
7964
22459
26240
22756
18100
15369
18181
23414
11952
3371
14057
21973
875
9715
15432
25757
9589
21390
24867
6561
31165
12408
27969
23417
2894
10708
19045
21451
29438
12377
1971
15019
21880
20079
12929
23595
11903
820
11032
20618
18487
6213
4649
24418
15073
17500
6698
16816
751
5589
22641
22665
2728
29205
30442
32289
8268
24608
25617
11360
11112
24725
24988
107
22667
5323
26727
22278
6722
6754
12815
20785
21646
28068
28089
31123
19339
107
12035
14439
25758
8620
8229
9992
15899
2717
20710
23797
6989
12640
7843
15400
1713
32012
13432
31355
17288
31804
31834
5748
10012
8845
8368
29310
25208
29915
4941
2386
2533
16931
1098
29706
30851
13190
4383
22183
23946
12808
6977
18254
10457
11337
24899
32672
16917
15910
17593
4967
6451
17024
16547
11132
21892
28145
16104
6243
24813
29318
24254
6543
27049
31206
22188
7925
25738
12768
7261
6660
8215
9231
11423
4562
409
14142
8842
6736
26391
17943
12630
2318
1966
13834
23223
17595
19170
26486
15675
11279
23660
24544
24467
13536
21775
10338
2862
27986
29367
9523
14270
11856
12417
13799
8839
16251
20715
21827
18995
29985
31805
24660
12878
10699
17668
27638
24626
11015
637
10771
3090
5030
87
12736
6982
393
19050
24031
11488
17878
2231
27470
29527
15622
30289
16540
31199
15518
3002
8846
28241
13364
1488
14891
9381
19639
10398
6499
32248
270
183
11435
6367
4805
6696
1714
20422
16984
29409
2796
3180
13688
30033
32014
12237
30935
28313
28660
18476
14372
6301
25721
23850
19173
27100
24213
26628
18148
2154
26535
11616
11529
2167
6245
18211
16476
22787
5134
7865
6955
16828
30468
26127
25131
20157
10126
3289
20834
19365
9958
31365
2030
14682
10856
14542
23731
7059
13984
12958
13423
21850
22326
20704
14767
21826
30903
10302
32077
27572
16891
7158
17861
7677
12049
17435
3750
19453
1340
28685
7923
15303
2166
11734
4179
1478
12944
25073
6053
20267
27534
14846
31058
12201
9944
27246
2222
20005
1649
2601
20868
14739
6496
15619
82
16592
7429
18298
29046
9087
19448
5995
22348
30472
28599
8445
17435
29317
51
17928
11380
20073
19550
7237
17274
24300
6188
4456
1944
21280
6144
4726
13880
30361
3757
18952
22871
724
225
18906
19279
24968
26514
18971
30779
23211
2385
27070
22161
11486
5172
11662
11651
15242
28184
2958
8696
3171
4022
23597
6158
27337
7590
10345
27609
27690
19577
21072
21561
31551
4989
14230
30355
10853
28342
22869
27804
10406
21202
30406
234
30106
4617
5386
15211
16700
31309
20980
10092
28848
7244
24295
22245
15503
20517
10845
8750
17844
892
7325
12756
13879
23940
19175
20796
20085
17770
6011
16273
11539
3067
25060
30178
31759
655
28916
23116
28205
29232
14638
623
19193
16035
30941
1908
15141
4393
22194
10409
23163
29642
13338
29143
16371
4379
15721
31942
26132
26136
15864
20052
29219
3065
27297
8404
2
15445
27690
17305
24174
10701
2229
8873
15643
28892
5941
21468
12926
23106
11141
23781
29336
13459
26622
31457
20418
5090
24146
30386
15794
4290
19276
30446
17896
15890
860
24963
2585
19229
17126
8820
26755
9601
28725
24176
819
20588
20398
10929
1358
17844
15845
9219
29213
15532
1038
20720
9130
11771
28656
14547
19242
2132
27099
5224
5281
1634
10268
22078
17586
27095
1223
11019
517
15140
12493
4113
13672
9081
15441
20424
8914
28675
23158
27329
15698
17441
32214
12147
6437
2574
24792
31602
25314
24898
8769
4998
31991
24951
15648
4642
14989
25279
32244
26369
28396
28439
22811
31720
11460
17980
18591
10968
10168
28086
12016
16662
26889
7584
9927
28346
17543
23750
20380
25627
3278
1676
24794
3635
3173
14790
4405
6081
9051
23385
17434
17105
21486
19409
20209
25577
21232
24873
5086
6426
56
3851
1824
23036
25464
27865
10106
12795
15761
3602
25790
28200
31131
2726
9545
6779
12114
6484
16174
23828
16991
13135
8845
17873
8166
9241
1485
18837
23871
1094
17820
12970
5312
12896
31819
18784
1046
19131
16249
5728
31116
18425
14929
4903
4954
25704
14692
29267
20630
7698
463
15876
17954
6581
28814
31909
8297
1925
25120
19762
25356
8386
4719
17671
17424
31723
13346
30465
111
32118
12728
84
23049
24028
16653
5844
27863
2499
23056
25186
7790
12314
28575
11298
15733
23039
4205
14161
30322
30732
8542
16647
442
4273
17381
18363
3384
18415
20041
11438
14480
3751
3807
25159
13934
2989
2852
10222
21975
23360
10633
19307
32591
11844
22220
210
29942
7350
16281
12896
11395
31428
7142
2082
10116
9366
28301
17247
1989
7495
9067
31719
32134
21346
11729
29607
10998
5915
6267
1034
10758
20356
19241
17224
764
19698
7923
8925
18027
3382
18530
7474
27892
17448
18942
733
18641
15441
9000
18940
11265
10843
22420
26630
14909
14540
28950
8876
5529
26376
19776
14249
11814
15597
19606
4587
20351
10568
21927
31530
31869
12824
11477
10737
12499
25969
5828
27987
11199
314
22626
19391
19202
190
16423
24113
29743
27807
31517
26387
7661
18168
17860
23253
17937
29387
7734
24925
2369
32664
4450
27904
1044
7145
24258
23885
27539
19700
10309
13340
31640
21621
10918
18430
17130
5492
21116
15328
8792
4750
22417
30519
24881
12351
19225
25868
2568
4224
8279
21868
9127
23510
30643
30155
16331
16717
562
18478
9362
27962
3147
12713
19585
26750
18682
32610
29311
25730
10693
29371
27077
25945
7822
11781
12047
13839
7246
24192
16106
13729
13795
18062
3027
3705
2733
26129
25307
1554
7539
11740
28166
12982
1658
16283
1691
565
7264
30033
8059
3162
30446
15711
9377
2708
24822
17512
15841
25469
19039
22783
1844
16934
26139
22295
20326
948
13395
8830
31417
19125
1165
8582
10678
8281
17077
31683
12945
6409
31984
12492
18861
31843
4827
8623
10592
11935
5456
6821
19087
859
16000
2072
22082
11231
21019
18765
15665
10362
24400
18682
4528
1675
26365
7318
2210
24171
4126
481
12459
25268
24337
15255
15030
6834
1786
17369
32008
23471
12749
12282
5576
7194
2053
16347
12235
17554
20340
12945
24664
22542
27143
10476
17532
26966
23671
21997
19760
31705
21274
4175
22829
25962
30085
13204
10033
6245
3563
27328
31858
4065
13453
1739
21335
30626
6633
7724
15400
29292
4685
20878
14174
18210
30268
16853
28828
29801
7733
1968
12024
7317
30823
30725
23860
2868
8044
23158
16292
20860
23224
2394
6699
14451
4710
28838
14836
13543
25079
31034
8872
200
24516
22110
50
21896
28957
18419
19277
27552
13777
6575
27734
10180
439
23355
22840
17493
31967
8103
4901
26660
17746
20479
8895
23846
32099
25539
4952
415
11884
5050
26889
20281
14169
20854
26167
16330
17343
19837
29905
32229
18716
1745
583
28402
25166
30973
26973
11428
32064
32689
28828
13783
2104
5486
1158
4615
24329
13939
13831
1331
8545
12618
12522
28083
23960
14315
5229
1859
1459
30662
29604
29821
17602
5947
26609
7649
30947
5975
19558
13404
18546
3469
32482
21210
2734
14055
7059
27128
17821
1732
658
23868
23935
29392
8288
26922
28050
10887
304
13526
73
31057
26563
32559
1817
10222
31305
4635
20255
14314
19330
17792
30349
26325
144
21273
28972
29438
19637
2874
9447
6412
31949
23729
27669
17375
17062
6683
11016
2696
4402
17386
4973
19877
27817
26680
23697
23611
19691
24525
29257
9215
15258
22501
29397
32226
7294
18209
9563
32361
19524
32431
27479
12179
13104
13686
30389
25957
18983
15079
6936
4190
14848
23082
26819
22013
25396
24199
16065
28953
5868
25168
7799
29764
25009
12218
12646
2759
29939
16954
11325
31475
6924
32339
21403
26404
8521
24662
15193
30700
1167
20729
31953
3975
28946
10764
26449
27337
8224
450
19293
28332
30117
19645
32465
9642
6909
27207
4976
24187
22439
5382
4740
14517
31185
25705
23717
28451
29189
27329
11967
478
18228
7043
15846
28120
8478
17055
3256
8311
11753
7075
2212
19532
10560
31118
16977
23504
20013
7390
20710
23522
16255
22280
2943
674
2627
21305
3570
2711
6032
18064
16313
1112
9014
24387
3652
31835
17908
9389
28060
25774
12632
22649
13305
21683
22909
2799
16064
24880
25327
4699
11948
11675
19833
17021
6537
11261
30661
1664
32310
23371
12909
28809
5218
28796
28937
31234
6
31003
9130
16680
18026
8072
28054
11666
8996
7009
26486
15693
17841
31833
29428
4493
27457
27959
15854
8476
3287
26161
3663
25757
20374
9480
32490
28269
31131
23134
8227
21741
15327
21512
20881
3105
6695
9486
29223
22748
3810
19758
29465
17724
8080
8653
29047
12354
10010
7738
30816
31353
19548
13148
15045
1017
11227
2332
16240
23875
23313
2776
16102
7420
25075
17772
13453
24460
22243
24432
17076
18160
599
29577
27318
14375
24549
26339
9293
23010
22837
10721
22315
16093
4470
16456
23325
19927
3446
679
5490
20689
11683
7864
22867
20266
21521
4821
30641
9927
4215
2427
13245
31283
20284
9495
24255
12822
32626
753
11785
11993
13615
16492
11694
30536
32743
21401
5397
9502
7028
27818
15205
10496
30587
5217
29069
8096
14026
1929
29647
14771
23381
24121
14036
20714
25998
12305
24475
26991
32722
31669
31889
29493
6217
29065
8537
11286
7191
1701
30707
11813
13809
9543
23242
9587
6834
30802
4733
24692
25690
1606
15125
14307
15228
4815
9951
19775
5642
18359
5313
30763
19040
9764
2892
14351
29168
2052
13910
32507
13850
30613
9576
30810
21001
15350
9866
24203
4952
31965
10719
21734
17664
11938
18494
14394
30946
3242
24333
20853
30698
4549
27658
7156
701
8254
3926
22164
29462
24850
8317
31133
2541
6765
18309
10702
28872
3425
461
32621
15039
31661
9828
1365
22005
1330
8867
5060
29856
14377
6421
32270
7793
1408
15327
8589
10688
15338
15445
4779
26468
9563
8107
9398
5348
22084
7979
11029
7564
17968
32351
20404
6419
3982
6064
20500
6461
27046
4314
4187
9809
7402
15126
19049
28794
25305
12383
11293
31927
31806
15488
5493
24969
8228
8836
17417
9879
3344
26942
17403
2312
5913
25810
21534
9212
2292
5299
20344
29893
12691
21974
6792
30157
28917
27400
14045
3717
28037
30499
2212
14093
681
8167
12032
19906
6246
29462
24146
1208
16015
16550
28059
30021
5774
10915
5137
16117
22040
28142
9145
7748
6275
1720
15008
20401
11352
1607
9265
2316
3971
21496
31386
27524
30832
29140
31560
26869
10130
8233
24645
29796
21552
14035
17632
29641
17610
18672
31683
8147
24295
21044
7234
4863
5047
28924
26651
18744
13046
1795
20305
31160
4751
32246
23960
354
18296
6286
16506
26030
31089
19873
18783
23655
31289
25466
992
5205
30455
25307
20377
6125
20030
5325
31705
5862
26730
4871
9728
20525
24193
11524
6885
25312
931
10806
9177
23122
28158
23481
20421
12138
23369
20602
4194
30050
5653
27041
11604
2992
25415
13425
1871
32375
16608
15063
1936
5938
10911
16877
29519
18632
11016
8235
2025
25905
2167
13237
17385
5155
28793
23642
16493
5289
9273
28332
27044
31955
1007
1050
27677
4863
32327
20971
13134
12339
24877
23759
24771
25659
19224
3661
25709
27768
277
14813
27247
23696
15917
24540
29473
16453
20101
24713
16312
674
25188
11766
19593
8011
29621
25849
23639
4151
13308
4496
1182
29763
32741
23559
15130
25570
25332
8609
24636
20330
19565
9870
26598
28815
32382
1677
23074
9618
25693
27108
9396
15820
26257
24146
19996
21164
27073
13592
23135
27356
27685
9683
9018
32032
25082
21531
174
24956
19766
3991
12019
20238
23541
4482
14707
22286
9894
2421
11289
18163
29893
1772
26083
13462
20261
18336
31191
23697
10508
16974
561
28789
31810
30512
9918
31708
20667
4546
23641
23757
24374
3508
32365
31139
15414
26387
25269
19469
12806
4603
4358
2997
14149
17257
27980
10433
12941
30682
11273
528
20549
3486
29066
18343
7829
2090
12602
9890
27317
11279
28195
17291
16437
24010
17329
30589
5416
32284
29326
18481
10370
17351
3305
29183
25031
3831
7603
15269
10730
22879
30091
20607
17770
21344
25449
21987
26056
648
353
21439
19108
17569
17704
32521
18658
6789
770
17180
17024
11147
19481
29750
2062
23164
7244
9632
30963
22067
6289
8734
18689
8041
13871
15238
22914
25954
15075
32661
6452
23583
3432
31239
15792
19728
26094
19606
4162
14230
12045
14841
13856
26277
6507
6379
16276
20628
3671
19678
30379
14407
20555
24312
30573
2663
174
1070
10623
20672
25772
11306
19239
22743
7695
16474
15549
6587
20220
6571
13731
23697
928
20189
11167
18330
9839
30307
4028
26561
32047
3601
14596
11310
25528
12361
17406
26184
26747
20058
25470
27439
14995
18687
21197
31441
3285
17727
12803
22487
28267
9293
10453
28427
8512
20664
11827
11059
5243
13206
15077
13418
9183
8186
31971
5160
18233
6008
22609
13886
6356
19258
13624
15051
21876
1179
26440
29474
21571
21846
19433
24588
14884
24464
8906
20604
18789
501
22213
14229
5161
20360
12623
19305
10045
17320
29055
19196
31064
26454
20827
9650
21870
9185
8073
17257
18806
32534
10835
9195
2901
15432
23427
31606
25703
7908
29165
4769
8641
25152
20738
29939
22438
25158
4689
27317
22341
20860
10963
934
4788
27364
17784
24437
12712
23864
10754
9991
4723
18820
2139
18459
10997
18996
21495
2196
20689
3923
12459
11857
18322
19507
18771
18830
3588
21624
2529
16741
3753
11047
16660
12120
30127
8021
8731
10871
23958
3931
28878
5964
18986
13886
2500
32490
395
23540
19861
7751
13517
21673
29946
12610
14163
9204
2257
8912
303
29081
1438
12109
20525
7931
5703
18784
16786
13290
433
6799
1342
25812
16532
20808
12271
14998
19568
637
3695
3649
30184
20576
31515
10564
8097
28469
12676
25594
19469
16429
6019
1678
30544
5304
17261
4044
8823
9719
17537
7881
14387
13705
861
928
14666
18616
23780
14339
22880
18978
19213
11287
17647
5225
21833
2790
27727
4425
31904
2354
16282
14855
29635
17567
8462
6456
13241
13188
10437
14706
3888
15242
520
17383
28746
23417
15781
8641
5033
8827
16393
2398
5639
28055
9688
32415
10096
21969
14906
5957
12702
2094
5962
30176
2877
24695
23909
1683
23083
18476
6542
24268
19879
7882
6297
29989
11759
6524
3062
19386
19681
14833
11905
1588
26183
20474
11322
12218
31429
24299
4681
24946
2632
2642
29479
15058
13663
8527
26009
15263
17959
10195
11092
27444
17458
24389
32186
7720
24861
28332
25251
12294
23950
20497
22407
11923
15213
21518
8801
15953
4892
4713
22270
14725
31240
28074
7202
22586
8358
15373
10678
18281
2609
25210
14185
1165
15026
29954
25239
8285
8096
2778
10067
6026
11672
31534
2225
16217
9265
20937
11325
13192
4862
1790
2226
32375
17569
6511
8916
28124
10932
7291
31305
10384
23754
20674
5940
17794
27024
7961
16544
14209
28315
16133
23588
12351
4132
14056
14947
16725
30289
1016
28476
27643
21740
23261
32349
2143
3266
7881
21566
28150
3768
7834
435
14813
13303
2585
24265
10930
1875
21298
7217
9672
27924
14738
2843
23479
26791
143
27264
12085
10023
21955
27510
13637
14675
21869
18410
29296
5883
23261
26494
1028
2061
9952
22662
24861
31398
1988
3151
22938
1010
3392
18080
17768
20189
20045
14407
8479
26298
6848
11989
13270
6629
13404
4844
14688
9247
1466
7090
6413
24855
27152
28829
6463
10374
16615
6168
28410
16816
18025
22513
5884
17491
18374
16137
10652
17032
29236
4146
13921
18255
30251
31341
19996
4049
32331
14850
23083
18503
31421
7518
1699
28124
13903
10480
11284
21381
24228
23619
26862
30218
20380
8914
23091
1868
20526
18446
20173
13497
14299
19182
27089
16077
11174
14261
29140
12903
13308
23853
12598
5917
10210
6173
3903
6225
26205
12437
580
16637
14466
23306
1985
11881
6936
18043
4337
16518
27012
1184
3897
6091
16487
2571
12468
6445
12637
25870
23354
25618
18271
28443
11539
13440
22470
20098
17306
2740
30147
13998
14448
21655
28520
22473
11672
5687
4903
13420
11387
19926
967
32620
24898
9171
21455
4777
16998
2846
16643
26867
26534
18215
1225
29168
12728
3101
5180
31678
14493
24796
2381
21208
10819
13617
26742
13154
31507
29925
13376
5337
21163
30368
1948
13356
25072
16841
5578
10706
9184
19593
1310
3941
11541
23467
25185
21895
2517
22394
26723
19050
192
12430
25784
20006
5793
11404
8939
11927
29591
20754
7125
12893
10974
28263
14435
22710
8898
12831
3663
10611
12927
11477
19654
18897
1804
167
4874
21311
19220
817
10196
26921
6999
21547
18094
22440
9332
240
21253
16669
10138
8522
17987
24376
3237
10570
26196
24384
12961
5351
19750
32471
4178
3773
26788
482
25872
13375
6830
3877
25016
14635
28151
6572
16649
22976
19076
26089
19423
16297
15836
14353
12069
18256
12556
19888
23645
22138
19578
6038
32420
4833
15395
14078
26835
25427
12267
14474
9069
3266
29590
17521
9061
22061
12312
32574
18519
9216
2452
15358
2938
1212
26562
4826
24087
26111
17693
14358
23829
9771
31698
16356
32432
13699
8544
29448
9508
18880
17156
27407
7310
12377
3393
17085
19848
2550
13315
13208
12632
30111
12236
29596
12981
2381
22037
16406
13702
1909
7168
9725
6840
22859
4500
19743
30111
25505
14796
15564
16376
4451
8248
21090
11314
25662
25721
12276
2302
26703
5705
8360
30112
31182
9624
30562
5424
25542
14497
19105
1361
27524
1332
30522
29600
2664
7976
16342
10844
14915
32258
23205
26093
26127
16775
10175
26373
15554
19844
20713
2284
17093
6586
30591
17495
25037
23067
17037
15107
11109
30295
5225
20428
22937
14467
8781
26496
28144
26570
15179
26901
28435
11751
30678
14092
9527
10277
26266
22309
13527
11389
17666
1223
12229
13211
4474
28930
24080
6745
11792
11116
22931
7627
29978
9457
7637
7495
26964
25471
18079
11320
13049
27538
8181
441
2467
4555
31385
21105
2899
8593
16150
13507
30455
14808
28888
24539
12316
9508
12152
23867
31988
24066
9025
26155
24264
26818
3351
16644
9027
13701
414
24056
21434
8833
10132
22791
6065
15943
24662
11654
15231
7616
19822
13676
30516
19123
9318
26366
15588
23888
21223
25361
8733
15238
6138
19289
27712
5391
15759
15974
31276
28737
31283
4325
21897
13588
19380
17600
4907
27056
11203
24678
27425
30947
28517
12773
5153
25750
20013
5255
22910
21140
28071
30928
16551
22787
23964
145
3031
31230
6783
9321
27259
25667
8954
32606
10847
297
30607
9482
22732
1916
11167
14210
27505
2482
3168
1113
12051
10330
7448
26359
2378
110
10427
20651
6389
26734
13873
11259
10529
17209
6202
26906
25200
19735
24258
3684
29356
10877
24609
1660
10019
3319
17129
31459
26361
21570
19421
22251
16610
29932
25376
1616
13131
11586
11173
24491
11366
31349
31063
10534
19420
24981
24978
4634
23438
3228
401
9276
30839
15925
355
26532
10833
16777
14022
10187
17427
2545
22382
11397
11053
20584
28703
12873
28951
18642
22734
9120
3690
15903
7210
16185
4125
14336
28112
17988
9634
11960
30739
32597
8250
22102
29541
1007
27883
6260
2420
4347
24414
20713
3175
4502
22552
2827
25295
12064
3695
7690
3270
10317
5217
23441
4780
26667
6076
26085
9033
24604
6388
11704
14241
17906
24477
16097
7747
5784
13051
23074
21260
19533
19650
7863
29982
30942
27493
7245
17140
6382
5861
15248
6189
929
12407
8911
9899
13383
2314
20018
8731
3078
22271
1432
17348
5552
8844
29272
7475
6023
31909
12078
24129
26848
26580
1265
29805
31446
22457
9164
21229
20733
31963
14594
27328
25929
30441
4148
26
19884
8581
23146
7837
27932
23707
23954
31887
7124
15803
26055
25840
20288
8121
28572
25438
16620
649
6662
10897
5600
31842
24365
2643
31682
10649
17902
27810
19273
5852
2969
20430
31831
91
23737
27004
6032
11008
29029
29309
22643
32183
4403
29208
31571
19349
946
30028
12856
31522
3903
24291
739
31674
20924
19423
22017
30649
16230
10467
29882
16310
26686
13858
27279
2541
14018
20130
10872
32159
13442
30896
24813
2222
13322
32581
24952
3359
4025
32403
30822
7759
21092
16255
7087
7833
23909
11558
11391
12221
4881
21714
14835
15844
8444
27011
11041
21230
7335
14317
23347
14096
2089
28327
10680
11391
28471
26908
13555
28554
25558
29151
28494
29332
18883
733
23314
14700
21246
31111
3419
19837
6940
271
14063
30011
3955
32732
24119
25716
13289
20586
13815
19502
30059
16110
21632
15856
928
26418
32577
19733
12846
20463
3986
14085
5634
2083
19308
17848
14636
9668
27736
13947
8705
9894
27317
21158
22737
6503
6011
13455
31238
14546
10196
19144
26288
28947
8069
14644
14325
16513
27050
32123
4061
827
29172
16689
1035
10416
28171
25347
2593
29765
10539
29306
20580
4418
13352
2624
7732
21498
20647
24996
10303
12606
28203
17498
16827
22753
20336
11135
11254
24173
2641
31213
2412
31547
3286
9228
14040
27672
10643
5271
28363
32213
18824
29448
23323
3930
4669
15089
16301
9295
10799
24584
295
28747
32589
3372
26147
23788
19892
31164
24
18840
20928
12247
752
15987
8843
17153
30272
7964
26924
2765
11175
2763
2007
4461
25085
29200
32491
12264
1786
16766
5123
24468
29468
28749
14616
29490
3830
7082
11893
5507
14137
15109
17943
12268
20783
7585
23807
17852
23938
19156
16604
5877
16492
30385
20468
30669
8040
1395
30400
10498
15902
21570
3571
31342
28627
24109
18282
28176
30162
3880
27280
8542
35
852
18691
9112
29772
12341
17765
27183
8099
23755
797
15622
11139
24752
3141
21399
26043
27759
32315
24953
27153
30330
31781
10445
16554
26469
29566
25750
17380
9434
28131
14741
20041
19620
9220
5198
14823
16450
29412
26033
17135
21182
498
15871
29661
27950
2171
31728
4384
26737
345
19164
6106
30064
7222
27214
21716
29270
8698
14651
21611
2612
20117
24155
24380
31957
17341
21284
14477
2997
21507
6954
24917
30127
14860
30700
28954
21364
26626
4421
12478
20590
20780
4277
11953
4906
28747
22755
25052
1144
19789
30758
2962
30071
29902
17000
31769
2897
4577
23595
5259
24912
16833
24488
4774
30995
31980
11606
13875
26535
5720
10774
25941
10954
29448
6616
12453
5926
4961
20551
19502
5156
30922
5164
21962
11481
11419
21372
26995
4724
28943
23902
1711
30476
3082
23351
10811
25823
31690
22598
7109
20360
17195
6528
30455
30564
8797
16330
1989
5736
20254
28077
2988
4983
27484
26174
30546
28107
25120
4103
22564
6820
2823
3616
15886
28005
22395
29476
2209
15690
27931
5350
12127
30063
30741
21130
11913
15665
23241
13952
6842
25706
26934
24118
14270
11015
12302
30719
20426
15995
19275
26357
31371
28291
17174
16673
23647
18432
9286
31373
19844
6795
6608
17697
29995
22686
19330
23648
23431
27402
8886
2953
18994
23827
26527
11557
9133
29549
19581
4314
15544
1286
27475
8991
20564
26753
10668
20078
10870
4949
8972
21630
12106
2187
18336
27229
12916
27539
19745
21097
14623
17937
17843
1954
7120
26762
32541
8890
28044
6254
16380
28618
13708
368
30697
27062
23892
29611
28158
31273
12377
11411
25088
22518
7170
3876
9075
26976
21553
11159
1196
1933
18174
26875
13942
855
4495
22623
17677
17425
29688
17836
16979
25925
5541
10212
12156
19189
2348
8378
28802
17990
19860
16710
5613
21925
111
13742
8664
19335
31388
17849
22836
18323
28128
5722
22566
24068
9956
5311
27309
3696
8336
1291
32261
29217
296
2358
29507
12849
6441
19392
22
4219
1289
13094
14070
1202
19127
3066
9154
25950
26208
1900
27932
6908
3716
144
2426
8918
22656
11875
23974
19132
27132
6682
6634
2672
21644
8760
2237
26927
32417
6083
28365
962
20413
4771
27134
10815
11771
13990
22867
13353
31363
6542
19223
19975
14264
29566
13619
20394
14695
26516
21157
31239
13962
24608
19806
9096
28310
18478
15082
23808
24059
12241
4239
31717
27165
1948
32680
15512
268
3940
5220
18802
12887
19598
13686
4741
31187
21610
30145
18747
25341
32230
21270
3233
4484
115
23497
25114
23864
4073
25743
26202
13201
11881
19106
5005
249
15455
17770
18790
15958
25166
10409
18393
23071
12331
773
24496
23276
24750
498
22867
19676
32519
18690
21140
11847
17519
3819
31621
26085
30395
15442
7878
17972
25993
12006
24016
19179
29842
3166
32533
29562
3609
14997
29545
11199
26750
26727
9342
31204
2876
5375
22145
2654
31940
15950
13465
15888
5975
19792
28553
9047
29984
221
12358
29098
8163
22353
22342
24116
24729
3483
32360
5991
30443
16734
30035
16932
30438
12061
14654
1016
26181
24034
4103
7282
13632
14814
16088
13846
12763
30675
26879
20234
20539
25143
16415
32433
28654
25701
27063
15380
19535
23094
24152
27019
23456
14004
4857
29877
2911
18614
22595
1997
20013
2409
880
28733
30114
15958
5113
21090
23288
20626
14879
29315
21332
24224
24883
28574
2877
31945
16254
20412
13303
9643
20304
15090
4373
22555
8983
8286
9335
12857
4155
11213
16422
70
24189
6171
21675
31423
3243
27385
21216
16481
30799
988
24449
21561
30290
32549
13
27163
24570
25376
13014
25789
23036
21593
15520
11200
29780
23257
15412
9732
18405
20712
30987
12101
10783
29936
18959
29195
20827
26587
19734
10726
17577
17889
12551
29465
27813
8669
18864
18504
24047
19186
28223
20681
27984
30582
6301
23939
9808
17546
12678
15829
19929
9030
16780
32025
15180
4598
32209
32179
12218
16614
28686
18188
16163
18104
186
1379
21333
11277
31322
23492
29174
24588
11733
8096
30920
21125
23054
15197
29263
18442
26831
20861
21661
19540
26339
27583
6035
16623
7393
257
12134
1111
18111
15970
26588
18218
6696
2417
19458
6871
28446
25126
16334
28431
18244
31900
19174
26708
30732
25583
3296
12490
239
26105
28635
18610
13222
21911
14142
12588
827
8328
4927
13910
26934
12668
14051
21649
19400
31622
11938
19957
21423
19230
11914
20896
11485
6304
27412
11755
8411
26488
13587
15558
8703
12874
21810
24412
31361
25371
15315
11483
4456
10375
31887
29415
17829
23622
27063
26543
32421
20633
14521
29198
10130
28286
24065
12196
28758
12813
23518
19631
18591
28419
3247
27867
3241
17960
23636
31492
29416
7626
26933
16769
31896
29321
17430
25994
3625
7735
14241
19242
17459
28193
8659
26974
29019
9638
20867
28463
27855
26683
381
26774
31217
1944
7693
16890
914
27871
16473
32533
16274
10913
27076
23845
9357
22359
808
24741
2215
14357
23792
5922
10750
11814
12096
6019
14504
22948
27951
17016
4477
15131
28264
30385
523
375
918
28308
23159
19834
13559
20134
4097
27429
13451
26023
21169
6791
1656
4131
25582
16235
12873
31067
14073
8805
799
25050
27433
20958
9282
29052
10618
8504
13765
16853
2199
823
605
31037
1845
5801
22775
8961
31702
12122
12326
13298
4133
3070
14855
31585
25574
1521
3
32287
31986
16068
4801
4717
24732
15946
7243
16674
14003
26807
4662
25209
5260
13706
1090
14078
15908
21067
31206
20020
22992
7864
29364
16332
1532
31235
16446
26758
26060
27395
6786
26313
22361
13858
4563
1798
30664
5774
20005
19492
14142
32647
10044
6458
6219
25734
12900
30115
4827
21721
19662
2573
17599
2853
27846
3748
22540
23728
8308
12945
27997
2420
10688
31346
11448
1291
19268
27946
4300
5375
3534
18569
31874
11060
31177
27188
2603
5581
20245
788
22158
22746
18424
31226
17601
270
21423
19998
7313
15115
11740
19508
29651
8401
13238
16337
8492
9028
28205
23780
31537
7562
6203
15250
22294
10340
22972
12805
17899
8537
10500
16044
27927
7658
14811
23760
6455
22610
5133
28084
30695
29002
694
25230
29492
11240
14268
19844
21626
13332
28371
1388
21967
3006
16498
27611
13407
10304
29452
14862
10718
15449
10013
6743
19161
11959
30007
29523
17743
10627
27585
3129
31734
30941
31325
24550
9147
13239
5669
25948
15911
29443
14953
17339
28928
22618
24586
782
15053
25360
19286
19412
17842
1035
23083
28081
9708
23547
29050
23504
7927
14133
25345
13989
29688
8491
15760
15591
29514
7227
22775
21001
11884
16663
23663
7643
27014
28718
18093
16983
18083
19448
26797
29006
12522
19235
1042
23881
14489
29005
15862
4333
29796
26301
11322
30868
8115
32528
29287
9009
14549
15360
29980
4216
29622
26207
3201
13485
21808
2086
9713
13614
5137
24626
2882
12681
6613
14187
20487
4059
16886
20573
11428
23847
1496
27275
24618
30116
28194
9421
1299
5128
3226
19825
29637
21087
12713
29976
23594
26611
5634
3175
471
25857
29212
2518
31129
22158
29835
22231
15414
8112
29025
18616
7931
4477
682
9968
1979
27383
24344
10036
26585
5080
14935
18237
19637
4789
10777
179
22407
32355
58
31914
19766
9453
27162
13926
6350
5062
9002
2022
25890
13526
20610
23472
6517
24799
6755
23725
7163
17670
5971
21894
30434
4909
12692
29457
11339
18834
6298
459
6962
17818
30147
24539
19054
24876
17751
5577
30307
5886
5670
28664
27252
21287
16559
31283
28169
21458
522
32092
21262
11771
29680
24364
14515
12502
28562
2518
18564
14414
31309
9618
29513
11095
13352
20382
29999
20719
26065
22061
22960
15819
1935
30414
20002
16554
31279
22667
8923
19778
31138
9925
5860
29556
10779
1479
3137
22765
3952
19760
26136
7073
14861
31364
31499
25325
15646
19905
6845
9306
31688
27770
6952
2960
24903
8808
26636
11281
2814
6759
1825
26475
26930
9493
18999
24964
16334
19789
16166
14940
6233
22164
18425
5939
4464
28596
12838
20108
17343
8403
9827
27938
5112
4717
32732
20306
12863
19534
31028
27509
15077
22902
15779
18181
25408
13614
24114
21917
3394
22543
10885
14371
12129
8593
9025
29483
15124
11307
5888
18478
13932
23314
5116
12086
4386
2820
23378
28767
30829
22883
21368
12495
22164
23589
5439
22824
9890
27672
16873
12115
17683
6171
20908
3486
8258
15966
2076
30692
17793
23552
28965
25359
20192
13220
23729
25828
5974
21617
23602
14227
17128
22466
32395
29961
16191
3477
9911
19616
3388
20608
19486
9777
26845
25476
21832
12215
30373
735
7402
20792
22969
752
20930
4802
25559
29105
15667
30388
12791
28674
21274
18742
13919
17854
14090
18267
24910
5513
11558
21973
19766
29028
6175
22022
15918
29976
8221
6171
1759
30641
15440
13698
10821
2005
25755
12579
31585
7443
26942
27047
26978
27812
12954
11139
7449
32585
12114
32268
18974
22026
10156
27543
18529
16545
6843
30787
19736
8421
8545
27979
1453
2537
32159
3658
13229
5809
20407
5336
30685
21390
1931
11787
11426
11297
3451
4103
10443
16520
270
19094
28645
26163
1075
2263
21291
4116
26494
26899
30229
15131
29960
14362
12304
16467
10590
18718
2785
16482
4098
30412
17527
31224
13035
30672
7161
26889
24436
17835
14493
16341
2851
17787
23820
4406
13866
29189
28357
16968
30303
24839
31689
3443
31498
32212
24455
24558
10870
21384
28006
5721
31843
31953
9180
786
10331
8402
28745
7507
5311
20769
22536
7789
2131
28296
21501
17466
18774
16500
9281
11808
9496
3468
19730
19139
22083
29060
2059
9324
30525
28453
14729
10103
6852
6800
8742
26066
20511
1788
29671
20904
32268
26728
30916
8874
18419
12350
32308
1957
14002
8357
5546
12974
24519
24319
28446
14025
24040
28246
31055
13553
19697
18229
16879
8406
25162
1981
5946
22185
30597
19623
26633
9204
12502
203
24
18991
26970
6100
2364
21500
21346
2507
9827
26889
6214
15128
16747
22218
3356
29355
706
28219
20073
286
25686
22632
9009
13953
31023
9224
26097
30686
20416
18671
16048
23413
20772
27425
12069
1876
26686
11510
6069
22794
24345
16068
5491
22197
5929
17806
20348
18523
24208
8053
3797
17148
10383
25082
18137
29888
1139
12170
16411
26771
5803
26353
23323
3425
1496
19417
22912
7743
26515
15728
8192
17303
13232
5555
10838
30457
25279
22825
22140
24074
16032
15671
17472
7208
1831
1330
3088
13199
12921
1618
8474
600
30828
32038
17687
808
29163
28000
497
4554
255
23495
14525
2162
6228
23130
17420
28011
31238
2751
23133
29409
17285
5034
23593
5620
1144
31658
5484
10793
6448
19063
24472
17125
24056
4961
4774
1663
32237
8078
1257
2343
25996
27661
8989
6519
15499
12024
20609
29510
22907
1249
6551
28326
1593
30629
14169
10178
8069
25020
6697
447
31629
26744
22077
15294
18474
30864
3927
15703
12434
28571
3187
20895
9102
6511
15253
20198
20837
17540
2808
11179
5380
27441
6960
8899
14469
12751
29313
10545
13602
3599
13258
7858
20517
26862
27840
25169
29365
5956
11130
1284
19612
19777
10844
83
21792
21883
23545
26412
31505
13887
14011
15264
20592
25516
16791
16896
18047
10779
562
7861
10422
25324
2096
25917
12206
2606
17117
21122
29760
11535
5249
21166
28354
16869
23496
23761
23401
1179
28416
31156
147
32592
13176
9170
18079
23579
30293
4693
13198
23533
26948
10471
20693
30143
27103
1712
26049
26493
3502
4433
30031
6796
25136
5242
27585
4629
21090
5028
25118
691
13426
7383
10199
3513
11713
21717
2032
27918
29647
12637
3484
30516
28304
8291
16589
12692
24626
29518
29592
13737
17178
3110
3638
4495
6332
21233
7426
23585
9467
29731
21479
29226
26377
4502
26181
3831
23125
26015
30410
30609
29188
24870
21707
18710
24415
21136
7173
21790
8280
14887
776
32330
1505
1325
412
26476
4280
17636
24832
28606
11796
17534
6714
4928
29985
10686
25862
1225
28071
3719
25903
18842
8827
27691
29320
30546
29675
29760
6030
11969
26340
26390
19104
28330
26367
25860
24597
28650
5153
12707
24314
5200
28469
2008
17233
5679
5810
21909
130
20117
18728
806
28687
17780
20126
15238
32614
18278
30113
32017
18955
19355
29099
30807
2769
27614
764
16416
4543
454
24693
32496
31637
32652
28338
22531
7820
26506
32430
17864
215
2959
6962
18178
5546
27782
27890
16597
14575
28378
12373
13859
16088
8027
11482
23240
14463
1085
23385
23427
12278
4177
2126
26307
5771
18064
24669
23582
18146
10371
12453
11929
28877
29868
16545
30472
24216
10399
4500
31728
15649
1264
11775
16670
31225
240
19025
26723
6022
12769
8441
6559
29935
282
7478
23588
9866
6047
12422
1828
4792
4411
10996
3791
26715
16289
9201
22871
31099
12628
320
6853
19663
20856
2675
16661
1896
11099
10420
28620
31390
18822
7933
30016
24173
22762
20025
23127
24201
16268
18203
15721
32353
13951
23196
25993
24468
13895
16072
30178
11997
14967
2534
17717
8447
15345
22272
19818
26891
14439
11508
19057
4009
5881
28543
8484
9435
8371
21612
18765
5314
19315
10578
21895
1434
9055
12249
25177
875
5945
29740
29851
28910
28456
21100
13721
27159
27771
31734
26517
30461
27343
30850
23578
32395
29586
15666
645
1549
20710
1382
5223
7798
30581
23378
24000
8052
16456
5286
16543
3742
18723
26059
19564
21135
4286
21485
10216
3937
30410
27711
18470
27939
27246
22687
15912
21943
4820
3173
2769
8831
32143
19364
9186
20026
27718
31172
16509
5255
14148
7320
23213
27812
20873
582
19675
20242
3815
26941
21656
13559
145
21864
23602
29989
18138
3634
19863
21196
20754
10722
29857
21193
24296
7306
26061
14677
31762
2629
18373
18943
2451
7958
13898
19376
512
31122
26977
14555
1438
11035
11435
19836
12595
30860
9535
7572
9886
9080
9275
7640
22574
25792
12325
29614
18989
11600
2232
11606
21824
20828
2105
28757
10327
31345
11512
9561
3305
25223
24087
27730
2836
11803
7978
8067
18716
16981
32654
14361
13704
22794
27394
13213
3167
10760
6435
4037
3957
16590
2535
12061
9633
6556
17838
7052
7670
21828
12953
3018
26111
21484
8801
26653
22027
26599
7206
21461
14028
27346
15725
7442
1227
17946
26587
22390
16111
31846
28720
3927
17705
13708
27660
12144
30284
3529
5344
24157
10228
7206
20487
2494
2827
25776
21187
5189
26077
12739
13124
26125
15130
8238
32714
31362
8132
27349
466
2164
6905
30788
25768
773
20142
19697
25855
22780
6114
32404
22525
27817
1875
8724
7040
13992
17014
31765
18989
2679
25514
627
27482
12104
30753
5047
16164
26330
25504
5334
13778
18910
1315
14307
19973
6932
7992
25726
5871
29513
13750
18395
31955
11652
28505
15403
4088
8693
25740
25909
8311
476
16006
1793
1217
1269
28212
21579
28144
6705
11575
30663
28986
20653
16184
16121
24600
3432
1787
21718
23004
3718
14368
15433
25184
29572
2710
22891
20095
29135
32455
26420
26415
3462
1833
18382
1056
32708
28823
15158
14075
855
31092
19024
20942
29637
15791
6483
6140
30924
9755
3591
5101
27814
16793
11427
21426
27466
25265
3971
12495
16401
29770
22478
6309
32206
9263
5622
15420
20861
13400
18343
31449
8
3073
20824
2356
1029
23559
9309
9452
26981
10764
18808
28967
16783
19729
22536
3910
32621
26080
10432
13068
10961
13334
22440
10578
15232
17029
57
32537
26092
12624
31251
3066
8899
18060
14119
27257
8018
5016
11218
17545
259
3245
1549
29239
9104
7524
4359
3752
28304
11401
9621
7994
18229
3094
10078
31231
26883
12010
16081
26811
19369
28853
27687
7979
14715
21129
864
1493
27375
22267
8383
12059
24439
22801
92
16229
15416
13735
15238
23957
25420
8130
31065
29858
8684
21270
5577
8537
2050
32332
23838
24687
14709
23962
19567
20730
7356
3417
4709
9510
12767
2858
31829
32699
27437
8671
19484
1826
12881
32076
21072
27582
15977
13139
3632
73
32394
7601
26541
23767
13807
19937
13218
1268
15569
19527
21784
2664
16606
1775
15759
3269
15328
24127
17124
6565
2623
3635
16084
30314
6810
9810
14493
31669
30983
28443
2943
11848
19066
17276
18434
30847
13392
6548
30698
22716
21790
7421
14168
12314
24553
20148
1050
27270
21212
17006
29341
12132
30203
18494
18102
25641
32537
5880
21081
16640
27045
2029
11680
22941
4948
28548
10085
7857
25618
16507
13142
28974
21921
3063
31704
9537
8479
13375
14193
30718
21400
28260
22711
27101
2764
1317
23372
5614
606
30339
23631
31995
32574
28464
9794
9300
29618
19265
5605
11815
25223
6782
239
25114
7894
28322
1262
8610
4121
25701
24511
15034
23948
12823
31249
11524
28439
18453
27010
19516
7792
16238
6363
25320
14512
3349
11349
25513
2605
1501
20319
435
24701
17659
24468
16614
24907
6428
18546
31209
19191
26724
17930
16885
413
15565
26051
27627
17073
29476
16857
7006
4891
4187
19673
14012
32163
7073
21823
31647
3715
10653
3917
3521
29533
1837
8975
14801
31239
10830
23299
11336
8204
5821
11389
25967
21880
19983
14846
24387
16986
24744
4706
4549
11205
19313
23174
14032
15672
18104
1805
22368
22283
30259
17637
26878
5953
11566
5776
4693
32608
30055
25129
25837
30124
9285
23571
3682
28728
6456
10835
22600
1764
925
18317
4035
17765
5441
13370
13784
16651
15756
5600
3425
19082
24671
31604
30247
27549
7071
25293
14652
5506
16629
5015
26396
22350
18421
17301
27693
1144
2652
3795
20168
15344
13091
24967
10088
27630
22320
3070
18030
27887
32623
14758
19551
1676
16256
5791
10018
17325
29071
7103
3760
30065
6601
29060
6162
12373
1733
4541
6419
28646
14878
25750
10459
24947
30351
19976
11708
12639
1742
7899
8429
30598
17235
20841
28025
28548
26904
16427
29717
29063
7491
12352
25268
298
13296
27577
25345
6429
10505
1925
15164
15132
18540
2494
21523
10306
31354
20809
16709
6705
21057
18490
28900
16246
19448
27297
19572
23094
19099
19432
1825
11065
28509
21311
5742
15102
23262
913
119
23740
24081
29573
12390
13058
25986
2644
26402
8863
29043
25858
31983
21411
13718
18553
11664
19990
13499
3838
9230
27124
17426
30773
5849
21572
14307
420
13392
24828
18824
4852
30350
29160
9875
29628
22107
11456
539
20114
21461
9051
5939
2865
20231
25283
11103
3136
6218
24448
32585
28750
20497
5499
11167
2917
11930
6781
28983
4249
32437
15398
16287
31856
24612
6169
31777
26488
7349
4445
7354
29608
32746
3336
18491
30251
26118
32075
13872
2729
26867
17918
71
26580
21521
25412
4957
10982
24073
8356
28242
5448
20610
11851
5306
15147
16070
22155
2320
31429
32334
32199
45
636
23828
5366
17463
30982
12650
21960
21069
12893
805
23274
16290
16285
30788
10724
29390
29372
22862
13968
27747
1531
29716
13887
8813
15279
31959
2426
21212
7841
16889
13645
5637
23877
4728
8165
7094
1559
8123
19176
6531
9114
3512
21488
25940
24061
31114
12678
6680
21543
19418
24865
15906
4554
14970
12624
27494
7649
30192
12894
17275
14602
17566
11332
3646
12906
27856
25214
27605
26319
16051
24703
31636
13931
12966
1243
28926
16247
16393
7383
17821
27134
1577
16985
30331
2995
25790
12105
30310
29815
3037
2624
31300
26299
19766
19407
28543
17657
31638
25549
10003
24237
20807
8634
28295
11687
2932
31760
12114
19696
13567
21053
18110
12754
25636
30072
20357
7127
11775
2863
5884
27162
13096
1142
26956
24475
21783
2423
3502
27914
29624
15711
24220
1436
23636
15265
22238
7338
3067
4905
31751
18838
17109
6537
19309
7119
23222
13111
1995
21962
22373
14128
20771
14677
31960
21716
1371
2888
2507
5822
15759
27114
11102
1200
24719
16347
29747
29443
26399
29991
29834
31138
11384
4513
1269
28043
16047
25302
1702
14575
1097
11793
22452
29749
10068
3637
9154
8031
30454
17441
16048
23644
20711
18301
4152
11357
19752
18776
1329
8791
8660
8667
19323
27396
28707
671
10475
14238
32259
6823
19060
11425
13825
11425
31626
12353
14225
26959
29569
9130
4585
15570
31202
20699
28925
21232
26754
3737
3767
11962
29868
7036
5524
17679
7717
18713
5916
4991
17705
4160
32539
17816
22287
24864
19399
443
8113
26384
9923
13593
31576
17050
2037
27668
374
16715
4134
23120
1456
14145
8979
6441
28903
7312
20850
12218
187
4559
30708
25083
14604
23745
1568
3414
17265
28735
6562
8053
16895
23733
17894
3804
5239
25274
27595
19596
11105
6317
16922
4855
2787
10272
26149
18730
7645
27131
9915
25324
17740
15654
26480
19429
8412
19412
24265
17726
17324
5245
4484
9744
2885
82
9013
2831
349
13329
15313
16010
1532
18823
31834
17049
13278
31504
17150
25178
27431
23383
26433
4782
12957
10839
6885
16051
8852
32631
20253
2229
25189
27933
30089
12660
5414
8688
6124
27880
13336
21190
11268
12451
6916
15274
26381
6971
29510
2489
14840
1000
8516
19802
3437
11716
20527
28412
32752
17938
16387
4155
17427
31517
27426
21585
4304
9332
6599
11842
13207
11778
12053
15645
21218
18697
28364
32552
26703
14684
6539
30422
26559
26324
25194
5312
26629
13676
5751
8631
19729
4699
16808
24498
21138
32617
9605
24716
17405
26675
11169
12627
15374
26389
26715
21663
18106
15445
22775
5291
30156
1044
7944
25701
13831
14246
26818
14241
12780
22311
762
1911
11561
18871
227
10852
9402
30752
21262
2334
26088
17980
19960
7084
915
3324
17164
29329
24305
2743
27547
15963
32080
9324
21196
28835
28347
32629
17831
24086
17790
23415
13547
12007
18761
18799
23011
8707
25192
24996
9867
16232
25623
20774
30731
29331
26859
21557
29203
10014
9648
12042
5825
5180
16394
21980
6653
28953
3909
9457
19174
3125
17345
32360
22608
30009
20427
13917
10571
1576
6693
4651
19689
20401
9690
8446
22492
17012
29998
13844
27764
8066
22493
484
22055
17937
11630
22727
20186
27197
10155
27948
29298
6177
14671
388
26514
21104
29240
4682
20664
30749
5047
11942
12955
13315
28781
7114
23945
17613
10024
23865
19609
8437
10273
30737
22236
5479
1771
15405
14967
22222
16484
21704
25471
30999
25052
16256
22758
7838
25179
13479
7305
17913
24927
16160
19806
4416
17888
5624
32115
11539
24561
30572
15484
9200
4424
3358
1147
2618
5266
3824
20835
31028
12649
31606
11442
2416
28096
10720
6166
18576
9021
28040
22508
14316
26371
7423
21251
27430
25219
430
25905
27535
28524
5481
15871
28687
30704
27785
22248
4805
6400
31318
3037
10613
16428
4777
29135
11633
7464
19685
17004
5093
8389
18202
24942
6518
3561
165
12550
26960
27164
22287
12114
29199
2522
6111
16709
6803
30702
15297
6277
8243
19718
3292
32503
12549
25887
952
5011
26014
22644
22661
15544
399
4775
15915
27403
384
27871
16540
21117
13358
28638
1771
32731
16106
13973
19239
31445
27430
20244
15253
17641
21079
2110
31081
17739
17740
18785
12351
19200
18275
11843
31531
19478
17021
8965
14977
19195
6252
23077
24952
20933
26108
15493
13697
28217
16462
28809
11253
16812
28967
27371
22076
5875
8976
28886
984
7109
5609
16520
17987
16204
29182
4916
23027
1265
28073
27310
28149
3888
27763
12600
29170
29887
20379
13638
18090
25380
1578
28416
2542
23043
17724
8760
3707
6694
11386
14633
24491
2939
12166
7132
30294
14698
20751
19358
14048
15734
27906
10436
23211
2427
27122
22127
14644
26792
17723
31651
2382
28403
12684
30702
1283
3216
29593
29253
21206
11831
22165
4389
29906
10952
2797
16094
16767
16795
16263
9401
30136
12690
30346
781
14761
26863
14346
26532
11879
20045
28866
10000
23175
31776
26772
16610
27868
17341
30536
32206
16217
8463
14683
24339
6532
15597
9729
4638
15664
5791
10883
20413
13608
19234
10769
13677
1660
19620
27197
22331
18371
13530
9647
6167
29875
700
12902
25308
8160
23327
8560
14460
18669
23246
16868
28318
18005
14810
11109
10106
12069
16899
12759
11496
16131
23690
23550
17337
18835
24488
24135
15675
6803
32624
13459
15301
29319
32289
14685
22664
17667
24914
29409
18603
28124
12657
283
29352
23806
24444
9302
28288
19849
28190
6768
1267
20661
3625
1465
16840
8249
24770
890
17095
3809
28923
23657
885
12253
24610
29389
2231
13056
10506
23243
16932
10734
21214
314
26274
17960
10883
5253
30151
6797
2707
786
22627
28500
13181
20792
2520
23013
1158
17218
24394
26639
7143
19729
489
30753
1018
2718
23154
18988
31152
21475
19480
16629
8726
31370
1549
31400
12786
27184
2633
17147
25453
11471
18009
13319
14518
20588
29888
10654
7243
19560
6742
18415
10245
8066
2285
18153
27678
27169
25019
32389
2378
26335
26159
24124
15308
20366
13069
26116
24814
21774
28834
12372
3103
17086
32373
22999
23391
25589
27189
7807
8870
4723
13084
26288
8579
30135
5259
12810
21734
13399
13251
17242
17515
25547
23194
4401
2340
29328
29072
20031
19445
6883
4496
30814
11295
8196
13473
2611
25479
27229
9467
19028
22319
18027
2867
29351
28921
26932
2309
18790
15464
7724
29928
3677
32702
16258
19607
21066
28726
31657
23726
5871
31024
31850
7092
22554
32173
14374
28963
2620
12291
25863
7919
22911
3536
12615
29659
2171
8822
31916
15601
20407
31250
11075
873
4253
1908
2439
10260
1291
15428
2306
13919
10324
31117
17673
14023
2432
26470
17127
3328
1077
27173
16428
14915
28502
11223
29514
3969
2981
135
15710
23443
23779
8342
13046
1786
29507
25138
29039
10632
1223
19719
7806
16110
15224
22644
21581
21460
14905
12678
22703
27764
31269
2394
6500
32498
20774
1845
28520
29978
16256
21374
7254
18148
11070
18716
13462
26141
20646
19459
20832
16876
24761
6558
27018
17627
21499
3225
5644
23512
3297
30234
32736
28240
7966
4897
19759
20475
5224
24472
1558
8302
32075
19339
6806
20639
2391
1308
6393
29697
26637
9834
21554
21902
22411
15261
18746
28755
23346
2606
18580
5222
1007
31797
5533
32465
15112
27084
20888
8608
23772
21664
10390
29054
5830
8177
8305
32505
31966
31096
19637
4070
27567
12262
4321
5037
8545
10989
17964
20851
5607
1542
17984
21972
29667
471
17776
25665
24461
14618
24948
17313
2317
22239
12364
26787
32277
18206
30249
13091
30888
14859
10946
8049
26188
5971
8655
12354
14639
25528
16196
12355
27837
8878
28665
23768
2807
26067
22877
11446
3920
29292
21750
2167
22199
17093
18457
27143
30655
4925
22792
24055
23217
520
2743
16512
16462
32407
22133
25120
27072
30001
5230
13470
23753
21802
553
15917
15259
15874
14129
29991
148
8810
7518
26945
30915
20250
21256
422
13306
4273
18490
3699
6789
287
9145
18349
13606
9341
11874
23800
4613
9029
18730
25947
29432
22967
27810
22632
14614
18019
28259
5265
27129
14124
9535
28530
16303
13067
6764
32664
19432
22136
25982
31368
16159
25082
19840
31094
9431
25096
6005
4487
6341
25615
3180
18782
9005
26171
19458
7773
23519
31712
17904
22687
1085
8690
27553
24996
16767
8780
4851
8213
12502
8128
629
13646
11918
2352
28485
21495
5420
9228
17571
5374
18690
26141
16044
7471
14498
28738
13522
8892
4351
29028
6720
17048
2528
28128
26465
25825
31312
14102
21768
24606
31956
1598
24230
6853
26292
14960
13818
24377
32072
5322
6086
28760
32647
23922
20636
19511
10957
20874
31626
26722
2873
22992
7475
21305
4841
20349
5063
9827
3107
27120
4934
18039
16062
1577
25490
10935
6017
27967
20829
31091
32564
25910
25772
10586
5119
29790
25025
27186
31091
26604
9719
5861
15276
22537
20365
32342
13586
20280
24868
19710
13200
23965
14263
32608
23942
15257
28592
23931
18345
21891
4944
32027
10502
31157
17768
24613
4557
21774
31339
24784
20246
27784
18216
262
10366
10522
23359
11264
18939
22453
5039
25212
29929
19008
11613
5171
15748
30849
22890
7729
23085
32337
16099
16414
572
20144
6879
3374
4835
28589
24122
31430
22568
27702
17940
20303
27319
25716
20074
15334
22374
7341
17065
24596
28841
13080
1920
1301
197
13379
26943
4071
16371
6916
28595
24516
30729
19297
9993
24994
27306
7972
20419
1685
17799
13972
4382
19643
7217
15104
29266
2707
11205
4778
28900
20049
23275
18455
2914
29536
13033
14415
6332
10553
19710
23978
18092
30700
30284
14949
14748
10952
3651
7345
27395
31388
9969
14871
10667
19067
26142
1809
10403
24601
5605
20765
9148
2141
20724
8969
4009
5592
12752
547
24045
16528
23017
15574
11986
22905
7106
28428
6322
3428
8925
23280
32381
20034
5164
20881
5673
16717
3716
19812
19
931
24239
27153
16518
9506
23453
26801
2972
32753
3967
28912
996
15738
26513
13103
4194
22571
7651
26151
25208
4910
9955
18760
8921
5723
30196
4761
14543
26389
9935
30117
8364
17137
1318
2220
7999
17071
23094
22576
26017
17250
17364
26902
1076
14213
13253
31930
11228
12627
2942
7934
10204
31450
341
12284
4589
6888
7734
17756
15326
13092
6701
23535
2676
8142
5275
15330
5906
18885
22353
13934
12631
9174
18412
1548
15742
24771
4221
21344
17892
1607
27890
3165
30685
11521
21112
18669
16796
19821
31653
30056
21933
1044
27967
25256
21926
20824
21583
12900
31075
16982
689
18181
14712
26113
30695
21643
11883
29343
27641
31771
9367
26429
31044
11807
9890
26971
12307
27135
20152
15066
15920
13669
15531
26569
29235
14604
16114
21147
6811
18048
28625
5561
15591
18170
11163
12648
24976
30943
11512
30808
6357
24960
15513
25571
18029
20603
8775
21089
12153
22924
11111
27565
6358
18361
3555
11863
1210
19668
12001
5102
31120
5726
19266
1820
25605
13687
3089
21443
6816
9199
31774
31145
20985
4653
4147
6268
29314
9791
30411
31257
14896
8676
6156
8569
21813
14622
18979
1886
20101
17023
19532
30731
24876
10203
23185
672
15643
26762
16494
29976
388
15403
18854
10271
27618
2414
27357
22951
20653
26374
5062
26945
9665
12106
712
21660
22384
16474
29378
31375
30372
6604
4221
4972
31748
11861
12543
544
13773
24122
10434
9199
18327
22696
22319
17307
11774
17114
30468
324
9445
368
12168
31292
32539
28686
27317
18361
17593
29670
29609
28880
6707
4382
22184
28840
20402
16139
23826
18620
983
7979
3904
17394
6530
4232
28545
9867
28402
4626
27311
18442
5759
28583
29445
30750
14507
11774
1209
14
29047
21031
14243
5787
21983
29232
6136
4685
7947
14126
18959
31047
6616
13465
7953
7051
29668
21331
3217
13468
8267
10987
32266
4907
6987
25084
21759
21220
32687
17550
17608
12682
26213
27872
10437
28155
7383
17982
22831
9381
11263
9936
21394
30652
20888
6123
19503
5118
11577
5353
24356
15890
23215
19399
3091
6016
6086
18142
24504
13196
23051
391
27756
30582
31972
26835
12415
2391
12618
22753
6438
14899
23476
11215
12063
21987
1823
17659
12164
19166
13030
4115
4390
7417
31552
25954
11190
3218
7954
19123
26590
9098
23505
29956
17088
13250
28176
13017
32572
28675
6145
30159
2238
22711
18224
14992
29560
27643
12585
24126
4412
18125
6379
15643
11765
21127
17193
21303
22856
18495
26093
3807
9597
22816
25541
31995
13539
958
9675
18109
9027
14084
7642
4702
2595
23476
23103
248
13862
20822
30815
19995
13407
27655
2783
12388
8038
11141
12181
8273
2377
4688
31741
17491
709
4205
11462
30637
10051
7329
11222
32698
20013
15484
4054
14451
12274
2539
16118
12441
24550
20670
20471
24385
16728
4838
18441
28011
25687
26109
27664
29628
27678
7682
18480
21685
15310
20032
28566
24316
27386
7568
18390
24337
14794
15175
1209
14428
6234
2652
20780
32009
6850
31132
14967
10667
124
17483
18446
6812
13563
4645
2337
32600
5359
23503
25982
32301
31558
21915
16471
16026
26581
30563
29598
29562
31186
24002
14104
11540
6938
8457
3532
20608
8653
24768
811
25272
28196
20132
6032
27766
15206
21846
17971
8567
12458
15612
19920
23160
32227
9272
7246
31875
575
29717
9528
18643
21407
9737
5954
29006
6617
23025
7543
16680
14236
25482
18831
21967
15161
1058
13993
10725
32126
11856
30407
20781
19937
17556
23619
32566
20770
30015
26937
22701
8173
14876
30610
24019
23142
24447
9980
30123
15436
19546
7124
12442
28448
11703
20985
21940
2745
11280
15615
15670
14197
12004
10837
19818
9962
9083
11596
11299
14464
18424
11299
424
7407
18976
13494
32088
17924
3593
15589
31776
22031
29308
5808
11243
28123
30679
30244
14280
29728
8455
27060
10771
17619
2123
3642
15720
21347
9279
26541
12105
28571
32746
21984
14340
9138
8975
2037
10409
6194
18555
23223
28041
22118
5661
10290
32624
26993
19362
27603
15085
15498
23786
17717
17180
640
5664
4466
258
29700
25663
6201
620
11480
15892
27859
7550
21766
22769
1473
5976
16157
511
24721
4301
32338
4175
20705
28843
18781
11068
14395
2065
29596
5836
25201
30037
29073
24051
14905
13972
18125
21355
21644
31065
17440
7267
14825
7011
16226
20074
11034
951
2048
29767
17017
7763
12666
520
23420
9391
22051
20937
23000
14285
16794
2159
23763
21622
21263
26510
26151
10283
8163
23005
17497
10828
6137
25296
17442
26242
14093
7327
27978
10275
16062
13083
19502
1658
11342
20654
20721
2200
14808
15286
29634
23070
23716
2540
6198
20872
11654
10170
270
12549
1353
17156
7509
11055
29619
2939
22746
14572
31912
23316
13620
1642
12743
9118
2784
29059
17217
5041
16490
25291
20759
20928
13241
14044
28731
6667
20622
11828
5167
22031
